[gd_scene format=3 uid="uid://dxtgoqd3w8wcu"]

[ext_resource type="Script" uid="uid://cce1wm6ccoone" path="res://scripts/player2.gd" id="1_8taup"]
[ext_resource type="PackedScene" uid="uid://j0d174244kxj" path="res://scenes/SHADOWGUY.glb" id="2_c08b3"]
[ext_resource type="AudioStream" uid="uid://y2sq13s8o8ed" path="res://scenes/Moving Stone Meme Sound Effect #sfx.mp3" id="3_agjl5"]

[sub_resource type="BoxShape3D" id="BoxShape3D_c08b3"]
size = Vector3(1, 2.71875, 1)

[sub_resource type="SphereShape3D" id="SphereShape3D_u2h6o"]
radius = 2.7454057

[sub_resource type="AnimationNodeAnimation" id="AnimationNodeAnimation_c08b3"]
animation = &"CharacterArmature|Idle"

[sub_resource type="AnimationNodeAnimation" id="AnimationNodeAnimation_agjl5"]
animation = &"CharacterArmature|Run"

[sub_resource type="AnimationNodeStateMachineTransition" id="AnimationNodeStateMachineTransition_dj65e"]
advance_mode = 2

[sub_resource type="AnimationNodeStateMachineTransition" id="AnimationNodeStateMachineTransition_hb4is"]

[sub_resource type="AnimationNodeStateMachineTransition" id="AnimationNodeStateMachineTransition_gmtae"]

[sub_resource type="AnimationNodeStateMachine" id="AnimationNodeStateMachine_8l1to"]
states/Idle/node = SubResource("AnimationNodeAnimation_c08b3")
states/Idle/position = Vector2(423.33334, 80.66666)
states/Run/node = SubResource("AnimationNodeAnimation_agjl5")
states/Run/position = Vector2(676, 94.66667)
transitions = ["Start", "Idle", SubResource("AnimationNodeStateMachineTransition_dj65e"), "Idle", "Run", SubResource("AnimationNodeStateMachineTransition_hb4is"), "Run", "Idle", SubResource("AnimationNodeStateMachineTransition_gmtae")]

[sub_resource type="AnimationNodeBlendTree" id="AnimationNodeBlendTree_3ejgl"]
graph_offset = Vector2(-64.30302, 13.636353)
nodes/output/position = Vector2(626.6667, 106.666664)
nodes/Movement/node = SubResource("AnimationNodeStateMachine_8l1to")
nodes/Movement/position = Vector2(280, 66.666664)
node_connections = [&"output", 0, &"Movement"]

[sub_resource type="Gradient" id="Gradient_c08b3"]
offsets = PackedFloat32Array(0, 0.99622643, 1)
colors = PackedColorArray(0, 0, 0, 1, 0.61960787, 0.61960787, 0.61960787, 0, 1, 1, 1, 0)

[sub_resource type="GradientTexture1D" id="GradientTexture1D_agjl5"]
gradient = SubResource("Gradient_c08b3")

[sub_resource type="ParticleProcessMaterial" id="ParticleProcessMaterial_dj65e"]
lifetime_randomness = 0.04
emission_shape_scale = Vector3(0.5, 1, 1)
emission_shape = 1
emission_sphere_radius = 1.0
direction = Vector3(1, 1, 0)
initial_velocity_max = 2.77
gravity = Vector3(0, 2, 0)
color_ramp = SubResource("GradientTexture1D_agjl5")

[sub_resource type="StandardMaterial3D" id="StandardMaterial3D_c08b3"]
transparency = 1
albedo_color = Color(0, 0, 0, 0.6392157)

[sub_resource type="SphereMesh" id="SphereMesh_hb4is"]
material = SubResource("StandardMaterial3D_c08b3")
radius = 0.3
height = 0.5

[node name="Player" type="CharacterBody3D" unique_id=36053123]
collision_layer = 2
collision_mask = 3
script = ExtResource("1_8taup")

[node name="CollisionShape3D" type="CollisionShape3D" parent="." unique_id=628138099]
transform = Transform3D(1, 0, 0, 0, 1, 0, 0, 0, 1, 0, 1.3519088, 0)
shape = SubResource("BoxShape3D_c08b3")

[node name="Area3D" type="Area3D" parent="." unique_id=1825729458]
collision_layer = 0
collision_mask = 11

[node name="CollisionShape3D" type="CollisionShape3D" parent="Area3D" unique_id=1671607016]
transform = Transform3D(1, 0, 0, 0, 1, 0, 0, 0, 1, 0, 1.2306365, 0)
shape = SubResource("SphereShape3D_u2h6o")

[node name="SHADOWGUY" parent="." unique_id=758989640 instance=ExtResource("2_c08b3")]
transform = Transform3D(1.5, 0, 0, 0, 1.5, 0, 0, 0, 1.5, 0, 0, 0)

[node name="Skeleton3D" parent="SHADOWGUY/RootNode/CharacterArmature" parent_id_path=PackedInt32Array(758989640, 1963598566) index="0" unique_id=1553541393]
bones/1/position = Vector3(4.532155e-06, 0.008289526, -0.00045605644)
bones/1/rotation = Quaternion(-1.1107162e-27, 2.3841858e-07, 2.019484e-28, 1)
bones/3/rotation = Quaternion(0.047781203, 3.937399e-08, 4.8528708e-08, 0.99885786)
bones/4/rotation = Quaternion(0.027516698, -8.337335e-07, 6.124656e-09, 0.99962133)
bones/5/rotation = Quaternion(-0.0068182684, 1.1052943e-07, 4.843487e-05, 0.99997675)
bones/6/rotation = Quaternion(-0.0094711, 6.1946923e-07, -7.894866e-11, 0.99995524)
bones/7/rotation = Quaternion(-0.0026091225, -0.00027475946, 1.28079355e-05, 0.9999966)
bones/8/position = Vector3(0.0009874153, 0.00018339741, 0.00022779945)
bones/8/rotation = Quaternion(0.45620057, 0.8402308, 0.10690755, -0.2728809)
bones/9/rotation = Quaternion(-0.66662616, 0.40735158, 0.3855449, 0.49094737)
bones/10/rotation = Quaternion(-0.12604363, -0.02867307, -0.1844546, 0.97430354)
bones/11/rotation = Quaternion(0.010541068, 0.021214334, 0.039322093, 0.9989458)
bones/13/rotation = Quaternion(-0.04033221, -0.0320698, 0.06707802, 0.9964163)
bones/14/rotation = Quaternion(-0.07860556, 0.0116706705, 0.025070408, 0.99652225)
bones/15/rotation = Quaternion(0.0054496247, 0.0027093235, 0.0015574289, 0.9999803)
bones/17/rotation = Quaternion(-0.0707214, 0.021183304, -0.0023159678, 0.99726856)
bones/18/rotation = Quaternion(-0.089607485, -0.0011271416, -0.020062199, 0.99577445)
bones/19/rotation = Quaternion(0.029983917, 0.003885438, -0.0035905913, 0.9995364)
bones/21/rotation = Quaternion(-0.05330895, 0.15013114, -0.011922007, 0.9871559)
bones/22/rotation = Quaternion(-0.095989086, 0.030467, -0.026652602, 0.994559)
bones/23/rotation = Quaternion(-0.00022720604, 0.003213503, 0.00900612, 0.99995434)
bones/25/rotation = Quaternion(0.03784139, 0.17641667, -0.06506732, 0.98143345)
bones/26/rotation = Quaternion(0.0060210465, -0.011394398, 0.015247572, 0.9998007)
bones/27/rotation = Quaternion(0.012997542, 0.00090933504, 0.0011598271, 0.99991447)
bones/28/rotation = Quaternion(-0.076658174, 0.17778832, -0.40530422, 0.89344466)
bones/29/rotation = Quaternion(-0.037359133, -0.14463288, 0.083494075, 0.98524845)
bones/30/rotation = Quaternion(-0.17457485, -0.051700104, 0.17129773, 0.96824986)
bones/31/position = Vector3(-0.0009805396, 0.0001833981, 0.00022780178)
bones/31/rotation = Quaternion(-0.45620066, 0.8402309, 0.106907584, 0.27288055)
bones/32/rotation = Quaternion(-0.6142345, -0.3120691, -0.43458888, 0.580053)
bones/33/rotation = Quaternion(-0.21855596, -0.19191106, 0.32356048, 0.9003955)
bones/34/rotation = Quaternion(0.010541106, -0.021214405, -0.03932222, 0.9989458)
bones/36/rotation = Quaternion(0.08230359, 0.03967448, -0.07055219, 0.99331486)
bones/37/rotation = Quaternion(-0.0147626065, 0.002064194, -0.01776511, 0.9997311)
bones/38/rotation = Quaternion(0.005444083, -0.0027093135, -0.0015569208, 0.9999804)
bones/39/rotation = Quaternion(0.025725465, 0.019408762, -0.016910978, 0.99933755)
bones/40/rotation = Quaternion(0.010182426, -0.014543531, -0.008529961, 0.99980605)
bones/41/rotation = Quaternion(-0.016650103, 0.0058933217, 0.0028257396, 0.99984)
bones/42/rotation = Quaternion(0.029989472, -0.003885466, 0.003590539, 0.9995362)
bones/43/rotation = Quaternion(0.0091140205, 0.05034083, -0.12795743, 0.9904593)
bones/44/rotation = Quaternion(0.033870384, -0.11390429, 0.02576587, 0.9925799)
bones/45/rotation = Quaternion(0.012996059, 0.007811791, 0.012737743, 0.9998039)
bones/46/rotation = Quaternion(-0.00022714007, -0.0032133032, -0.00900576, 0.99995434)
bones/47/rotation = Quaternion(0.017030999, 0.071920455, -0.2263589, 0.97123593)
bones/48/rotation = Quaternion(0.037841316, -0.1764167, 0.06506688, 0.9814334)
bones/49/rotation = Quaternion(0.0060211914, 0.011394479, -0.015247256, 0.9998007)
bones/50/rotation = Quaternion(0.0129975295, -0.0009093157, -0.0011598988, 0.99991447)
bones/51/rotation = Quaternion(-0.076658174, -0.17778854, 0.4053042, 0.8934447)
bones/52/rotation = Quaternion(0.019983036, 0.13121589, -0.08516497, 0.9874868)
bones/53/rotation = Quaternion(-0.17550738, 0.05719048, -0.13199715, 0.97391135)
bones/54/rotation = Quaternion(0.53601825, -0.013513805, -0.8372401, 0.10738249)
bones/54/scale = Vector3(1, 1.0000001, 1.0000228)
bones/55/rotation = Quaternion(0.16799298, 0.6868609, -0.16799283, 0.68686163)
bones/56/rotation = Quaternion(0.5570499, 0.115736336, 0.8076412, 0.15497151)
bones/56/scale = Vector3(0.99999994, 0.99999994, 1.0000226)
bones/57/rotation = Quaternion(0.14626841, -0.6918128, 0.1462684, 0.69181377)
bones/58/position = Vector3(0.001205915, 0.00022751727, -0.00010193145)
bones/58/rotation = Quaternion(0.70521355, 1.981885e-05, 1.9713145e-05, 0.708995)
bones/59/position = Vector3(0.0012059137, 0.004668583, 0.006854429)
bones/59/rotation = Quaternion(-0.0026726685, 3.3899032e-05, -9.06012e-08, 0.9999964)
bones/60/position = Vector3(-0.0012059148, 0.00022751727, -0.00010193189)
bones/60/rotation = Quaternion(0.70521355, -1.9819257e-05, -1.971355e-05, 0.708995)
bones/61/position = Vector3(-0.0012059159, 0.0046685827, 0.0068544284)
bones/61/rotation = Quaternion(-0.0026726685, -3.4050023e-05, 9.1004765e-08, 0.9999964)

[node name="Head" parent="SHADOWGUY/RootNode/CharacterArmature/Skeleton3D" index="0" unique_id=697784829]
transform = Transform3D(1, -0.00012100706, -0.0005517356, -0.00054838596, 0.026125083, -0.99965864, 0.00013537987, 0.9996584, 0.026125032, -3.641122e-06, -0.0003869334, 0.01550819)

[node name="Index4_L" parent="SHADOWGUY/RootNode/CharacterArmature/Skeleton3D" index="1" unique_id=302184424]
transform = Transform3D(-0.04473467, -0.097930394, 0.9941873, -0.9965758, -0.06489827, -0.051234964, 0.06953844, -0.99307436, -0.09469204, 0.002673148, -0.00094847137, 0.00792376)

[node name="Middle4_L" parent="SHADOWGUY/RootNode/CharacterArmature/Skeleton3D" index="2" unique_id=1528282328]
transform = Transform3D(-0.037913866, -0.06039407, 0.9974542, -0.99532855, -0.0864043, -0.043064836, 0.08878517, -0.99442714, -0.05683613, 0.002765069, -0.00066723546, 0.0077191913)

[node name="Ring4_L" parent="SHADOWGUY/RootNode/CharacterArmature/Skeleton3D" index="3" unique_id=1809366432]
transform = Transform3D(-0.26207206, -0.14263931, 0.95444846, -0.95594853, 0.17386617, -0.23650041, -0.13221188, -0.974384, -0.18192142, 0.0027045638, -0.00023684604, 0.007883541)

[node name="Pinky4_L" parent="SHADOWGUY/RootNode/CharacterArmature/Skeleton3D" index="4" unique_id=434684125]
transform = Transform3D(-0.16426653, 0.2662085, 0.9498153, -0.93363345, 0.26879665, -0.23680468, -0.31834647, -0.9256784, 0.20438659, 0.002846243, 1.9318308e-05, 0.008133973)

[node name="Thumb3_L" parent="SHADOWGUY/RootNode/CharacterArmature/Skeleton3D" index="5" unique_id=1961039594]
transform = Transform3D(-0.18198441, -0.49663976, 0.8486639, -0.92789626, -0.19888398, -0.31536222, 0.3254068, -0.84486276, -0.42463648, 0.0022988915, -0.0013684888, 0.008957131)

[node name="Index4_R" parent="SHADOWGUY/RootNode/CharacterArmature/Skeleton3D" index="6" unique_id=398849270]
transform = Transform3D(-0.2768664, -0.12906453, -0.9522009, 0.85417366, -0.48696178, -0.18235916, -0.44014952, -0.8638341, 0.24506669, -0.00225562, -0.0027531767, 0.008535247)

[node name="Middle4_R" parent="SHADOWGUY/RootNode/CharacterArmature/Skeleton3D" index="7" unique_id=1721587987]
transform = Transform3D(-0.3235131, -0.122094676, -0.93831295, 0.8636284, -0.44328976, -0.24008179, -0.386632, -0.88802344, 0.24885426, -0.0024202878, -0.0025821282, 0.008225045)

[node name="Ring4_R" parent="SHADOWGUY/RootNode/CharacterArmature/Skeleton3D" index="8" unique_id=75651268]
transform = Transform3D(-0.4374264, -0.17237704, -0.8825782, 0.8752699, -0.30677447, -0.3738879, -0.2063028, -0.93604183, 0.2850674, -0.0024960218, -0.0021800923, 0.0082437685)

[node name="Pinky4_R" parent="SHADOWGUY/RootNode/CharacterArmature/Skeleton3D" index="9" unique_id=243187400]
transform = Transform3D(-0.47979173, -0.24005686, -0.8439029, 0.87675744, -0.16747425, -0.4508309, -0.03310707, -0.956203, 0.29082415, -0.002565731, -0.0018293457, 0.00836437)

[node name="Thumb3_R" parent="SHADOWGUY/RootNode/CharacterArmature/Skeleton3D" index="10" unique_id=315214209]
transform = Transform3D(-0.3600499, 0.5836903, -0.7277837, 0.612325, -0.44070554, -0.6563809, -0.7038615, -0.68196994, -0.19873235, -0.0017298025, -0.0026110606, 0.009625558)

[node name="LowerLeg_L" parent="SHADOWGUY/RootNode/CharacterArmature/Skeleton3D" index="11" unique_id=261474302]
transform = Transform3D(0.9004739, -0.039025977, -0.43319806, 0.42501488, 0.29072955, 0.8572321, 0.09249127, -0.956009, 0.2783747, 0.0019217277, -0.0010470524, 0.0050486634)

[node name="LowerLeg_R" parent="SHADOWGUY/RootNode/CharacterArmature/Skeleton3D" index="12" unique_id=1017239487]
transform = Transform3D(0.9356854, 0.023128089, 0.35213277, -0.3526097, 0.020855233, 0.9355408, 0.014293779, -0.99951494, 0.027668616, -0.0017314675, -0.0020076325, 0.0052711917)

[node name="Foot_L" parent="SHADOWGUY/RootNode/CharacterArmature/Skeleton3D" index="13" unique_id=761553954]
transform = Transform3D(1, 1.509955e-07, 5.590769e-05, 4.4997222e-07, -0.99998575, -0.0053477287, 5.5906086e-05, 0.0053477287, -0.99998575, 0.001205915, -0.0006209549, 0.00022751727)

[node name="PT_L" parent="SHADOWGUY/RootNode/CharacterArmature/Skeleton3D" index="14" unique_id=1395500454]
transform = Transform3D(1, -8.0713486e-10, 6.7949295e-05, 6.7948335e-05, 0.0053453175, -0.99998564, -3.624035e-07, 0.99998564, 0.0053453175, 0.0012059148, -0.0075773154, 0.004668583)

[node name="Foot_R" parent="SHADOWGUY/RootNode/CharacterArmature/Skeleton3D" index="15" unique_id=2005394233]
transform = Transform3D(1, 1.5099187e-07, -5.590723e-05, -1.47986e-07, -0.99998575, -0.0053477287, -5.5907236e-05, 0.0053477287, -0.99998575, -0.0012059148, -0.00062095484, 0.00022751727)

[node name="PT_R" parent="SHADOWGUY/RootNode/CharacterArmature/Skeleton3D" index="16" unique_id=2057510140]
transform = Transform3D(1, -8.0714907e-10, -6.7949295e-05, -6.794832e-05, 0.0053453175, -0.99998564, 3.6401772e-07, 0.99998564, 0.0053453175, -0.0012059149, -0.007577315, 0.0046685827)

[node name="Suit_Body" parent="SHADOWGUY/RootNode/CharacterArmature/Skeleton3D" index="17" unique_id=373051610]
cast_shadow = 0

[node name="Suit_Feet" parent="SHADOWGUY/RootNode/CharacterArmature/Skeleton3D" index="18" unique_id=507841822]
cast_shadow = 0

[node name="Suit_Head" parent="SHADOWGUY/RootNode/CharacterArmature/Skeleton3D" index="19" unique_id=3338310]
cast_shadow = 0

[node name="Suit_Legs" parent="SHADOWGUY/RootNode/CharacterArmature/Skeleton3D" index="20" unique_id=1738875607]
cast_shadow = 0

[node name="AnimationTree" type="AnimationTree" parent="SHADOWGUY" unique_id=721792292]
tree_root = SubResource("AnimationNodeBlendTree_3ejgl")
anim_player = NodePath("../AnimationPlayer")

[node name="GPUParticles3D" type="GPUParticles3D" parent="SHADOWGUY" unique_id=468770462]
transform = Transform3D(1, 0, 0, 0, 1, 0, 0, 0, 1, 0, 0.8373777, 0)
amount = 30
amount_ratio = 0.3976
sub_emitter = NodePath(".")
lifetime = 1.13
speed_scale = 1.33
process_material = SubResource("ParticleProcessMaterial_dj65e")
draw_pass_1 = SubResource("SphereMesh_hb4is")

[node name="roc" type="AudioStreamPlayer3D" parent="." unique_id=1578276724]
stream = ExtResource("3_agjl5")

[connection signal="area_entered" from="Area3D" to="." method="_on_area_3d_area_entered"]
[connection signal="area_exited" from="Area3D" to="." method="_on_area_3d_area_exited"]
[connection signal="body_entered" from="Area3D" to="." method="_on_area_3d_body_entered"]
[connection signal="body_exited" from="Area3D" to="." method="_on_area_3d_body_exited"]

[editable path="SHADOWGUY"]
